61540
27774
61097
19437
19438
64577
61541
61542
61543
61544
61545
61546
61547
61548
61549
61550
61551
61552
61553
61096
61094
26027
61097
11625
27774
26027
26027
20270
49542
49543
49544
49542
20270
61096
11625
27774
61097
11625
26027
41376
41377
41378
41379
27774
61096
41376
41377
41378
41379
38355
38356
38357
38358
38351
38352
38353
38354
41376
50614
50615
50616
50617
50614
50615
50616
50617
61554
36721
36722
61097
10162
10163
10162
10163
36721
36722
10240
5524
18140
18141
61096
10240
5524
18140
18141
61097
61096
61555
61556
61557
61558
61559
61560
61561
61562
61563
61564
61565
61566
61097
61095
30038
20270
11630
11625
12058
12059
12585
50712
61567
61568
61569
61570
61571
61572
61573
61574
61575
61576
61577
61578
61579
61094
61096
27774
64577
64578
13434
61580
61581
61582
61583
61584
61585
61586
61587
61588
61589
61590
61591
61095
61097
64578
61542
61543
5586
5587
5586
5587
61096
61542
61543
25684
25685
25684
25685
53134
53135
53134
53135
61097
4498
10239
15336
15337
15336
15337
4498
10239
61592
61097
61096
64578
61096
61593
61594
61595
61596
61597
61598
61599
61600
61601
61602
61603
61604
61094
64578
64579
64579
12058
26029
61605
33324
26029
61097
35327
35327
33325
33324
26029
61096
61097
61096
11082
11083
11084
11085
11082
11082
11083
11084
11085
15322
15323
15324
15325
11178
11179
11180
11181
61606
61607
61608
61609
61610
61611
61612
61613
61614
61615
61616
61617
61618
61097
61095
11626
13434
12059
12494
12585
61619
61620
61621
61622
61623
61624
61625
61626
61627
61628
61629
61630
61094
61096
27518
64579
61631
61632
61633
61634
61635
61636
61637
61638
61639
61640
61641
61642
61643
61095
61097
50614
50615
50616
50617
50614
50615
50616
50617
10162
10163
36721
36722
61096
10162
10163
61097
36721
36722
5524
10240
18140
18141
10240
5524
61096
18140
18141
61097
64579
61644
61645
61646
61647
61648
61649
61650
61651
61652
61653
61654
61655
61656
61096
61094
12058
64579
61657
61658
61659
61660
61661
61662
61663
61664
61665
61666
61667
61668
61097
61095
12585
13434
12059
61669
61670
61671
61672
61673
61674
61675
61676
61677
61678
61679
61680
61096
61094
37809
5586
5587
61542
61543
5586
5587
61681
61542
61543
61097
53134
53135
25684
25685
25684
25685
53134
53135
10239
61096
15336
15337
4498
10239
15336
15337
4498
61097
61096
61682
61683
61684
61685
61686
61687
61688
61689
61690
61691
61692
61693
61694
61095
61097
9352
61695
61696
61697
61698
61699
61700
61701
61702
61703
61704
61705
61706
61707
61096
61094
61097
26029
33324
26029
33325
33324
35327
61096
35327
26029
61097
61096
11082
11083
11084
11085
15322
15323
15324
15325
11082
11083
11084
11085
11178
11179
11180
11181
11082
24983
61097
11626
12058
12059
12494
12585
13434
61708
61709
61710
61711
61712
61713
61714
61715
61716
61717
61718
61719
61720
61721
61096
61095
27518
61722
61723
61724
61725
61726
61727
61728
61729
61730
61731
61732
61733
61097
61094
50614
50615
50616
50617
50614
50615
50616
50617
10162
10163
36721
36722
61096
10162
10163
61734
36721
36722
10240
5524
18140
18141
5524
10240
18140
18141
61097
61096
19048
19051
19053
28645
19326
19360
28379
12585
61735
61736
61737
61738
61739
61740
61741
61742
61743
61744
61745
61746
12058
12059
61097
61095
24081
32487
15367
54593
61747
61748
61749
61750
61751
61752
61753
61754
61755
61756
61757
61758
61759
61096
61094
13434
61760
61761
61762
61763
61764
61765
61766
61767
61768
61769
61770
61771
61097
61095
5586
5587
61542
61543
5586
5587
61096
61542
61543
53134
53135
25684
25685
25684
25685
61097
53134
53135
4498
10239
15336
15337
15336
15337
4498
10239
61096
61097
61772
61773
61774
61775
61776
61777
61778
61779
61780
61781
61782
61783
61784
61094
61096
13434
61097
27518
12058
61785
26029
33324
26029
33324
61096
35327
33325
35327
61096
26029
61097
11082
11083
11084
11085
11082
11083
11084
11085
61097
15322
15323
15324
15325
11178
11179
11180
11181
11082
61786
61787
61788
61789
61790
61791
61792
61793
61794
61795
61796
61797
61798
61096
61095
11626
12059
12494
12585
61799
61800
61801
61802
61803
61804
61805
61806
61807
61808
61809
61810
61097
61094
27518
50614
50615
50616
50617
50614
50615
50616
50617
10162
10163
36721
36722
61096
10162
10163
61811
36721
36722
61097
5524
10240
18140
18141
61812
61813
61814
61815
61816
61817
61818
61819
61820
61821
61822
61823
18140
18141
5524
10240
61096
61097
61095
61096
12058
61824
61825
61826
61827
61828
61829
61830
61831
61832
61833
61834
61835
61836
61097
61094
13434
12059
12585
61837
61838
61839
61840
61841
61842
61843
61844
61845
61846
61847
61848
61096
61095
37809
61542
61543
5586
5587
5586
5587
25684
25685
61097
61542
61543
53134
53135
53134
53135
25684
25685
61849
61096
4498
10239
15336
15337
15336
15337
4498
10239
61097
61096
61850
61851
61852
61853
61854
61855
61856
61857
61858
61859
61860
61861
61097
61094
13434
64579
64580
9352
64580
61862
61096
27518
61863
61864
61865
61866
61867
61868
61869
61870
61871
61872
61873
61874
61095
61097
61096
26029
33324
35327
26029
33325
33324
61875
35327
61097
61096
26029
61097
11082
11083
11084
11085
11082
11083
11084
11085
15322
15323
15324
15325
11178
11179
11180
11181
11082
24983
61096
11626
12058
12059
12494
12585
61876
61877
61878
61879
61880
61881
61882
61883
61884
61885
61886
61887
61888
61094
61097
27518
64580
64581
61889
61890
61891
61892
61893
61894
61895
61896
61897
61898
61899
61900
61096
61095
61097
50614
50615
50616
50617
50614
50615
50616
50617
10162
10163
36721
36722
36721
36722
10162
10163
18140
18141
61096
5524
10240
10240
18140
18141
5524
61097
61096
61901
61902
61903
61904
61905
61906
61907
61908
61909
61910
61911
61912
61913
61097
61094
12058
61914
61915
61916
61917
61918
61919
61920
61921
61922
61923
61924
61925
61096
61095
12059
13434
12585
61926
61927
61928
61929
61930
61931
61932
61933
61934
61935
61936
61937
61938
61094
64581
61939
61940
61941
61942
61943
61944
61945
61946
61947
61948
61949
61950
61951
61095
61097
5586
5587
61542
61543
5586
5587
25684
25685
61542
61543
61096
25684
25685
53134
53135
61097
15336
15337
53134
53135
4498
10239
10239
15336
15337
4498
61096
61097
64581
10811
61952
61953
61954
61955
61956
61957
61958
61959
61960
61961
61962
61963
61964
61965
61096
61094
26029
61097
33324
26029
33325
33324
61966
35327
35327
26029
61097
61096
11082
11083
11084
11085
11082
11083
11084
11085
61096
15322
15323
15324
15325
11082
11178
11179
11180
11181
13345
13275
13385
23805
61097
11626
10046
23823
12058
12059
12494
12585
16331
27518
61967
61968
61969
61970
61971
61972
61973
61974
61975
61976
61977
61978
61096
61095
13434
10111
1799
61979
61980
61981
61982
61983
61984
61985
61986
61987
61988
61989
61990
61991
9339
57159
48990
61097
61094
61992
61993
61994
61995
61996
61997
61998
61999
62000
62001
62002
62003
61095
61096
50614
50615
50616
50617
50614
50615
50616
50617
10162
10163
36721
36722
61097
10162
10163
61096
36721
36722
5524
10240
18140
18141
10240
5524
18140
18141
61097
62004
61096
62005
62006
62007
62008
62009
62010
62011
62012
62013
62014
62015
62016
61097
61094
12058
64581
62017
62018
62019
62020
62021
62022
62023
62024
62025
62026
62027
62028
62029
61096
61095
13434
12059
12585
62030
62031
62032
62033
62034
62035
62036
62037
62038
62039
62040
62041
61097
61094
64581
64582
25684
25685
62042
62043
62044
62045
62046
62047
62048
62049
62050
62051
62052
62053
62054
62055
62056
62057
62058
62059
62060
62061
62062
61095
53134
53135
5586
5587
61542
61543
61096
61542
61543
5586
5587
4498
10239
15336
15337
61097
4498
10239
15336
15337
61096
61097
61096
26029
33324
26029
33325
33324
35327
35483
35327
35328
36538
35647
36211
36538
35647
35483
36541
37126
36541
38484
40044
37126
40044
38484
41863
40915
43371
41863
40915
50339
43404
43371
43404
50341
50337
50344
56814
50341
56816
1013
56814
56816
4484
3144
4667
4588
1013
3144
4789
5049
4667
4789
5421
9536
5421
5049
25387
25388
9563
9536
9563
37146
25389
25388
37146
25390
41982
41982
37147
42469
42471
43512
42469
42471
43549
43547
43512
43547
43759
43752
43549
43752
43883
44440
43759
44440
43883
62063
62064
62065
43766
43766
26029
61096
61097
11082
11083
11084
11085
11082
11083
11084
11085
61097
15026
15027
15028
15029
54045
54046
54047
54048
14630
14631
14632
14633
15322
15323
15324
15325
51788
51789
51790
51791
11218
11219
11220
11221
13310
13311
13312
13313
14670
14671
14672
14673
14674
14675
14676
14677
14534
14535
14536
14537
15086
15087
15088
15089
14666
14667
14668
14669
14542
14543
14544
14545
14678
14679
14680
14681
14638
14639
14640
14641
15030
15031
15032
15033
15098
15099
15100
15101
15602
15603
15604
15605
15462
15463
15464
15465
11222
11223
11224
11225
48454
48455
48456
48457
14490
14491
14492
14493
14538
14539
14540
14541
14662
14663
14664
14665
11878
11879
11880
11881
12214
12215
12216
12217
14654
14655
14656
14657
12326
12327
12328
12329
14682
14683
14684
14685
14634
14635
14636
14637
13302
13303
13304
13305
60928
60929
60930
60931
15494
15495
15496
15497
14658
14659
14660
14661
15490
15491
15492
15493
11422
11423
11424
11425
15042
15043
15044
15045
11082
37819
37809
64582
64583
24024
62066
62067
62068
62069
62070
62071
62072
62073
62074
62075
62076
62077
62078
62079
61096
61094
61097
26029
33324
26029
33325
33324
35327
61096
35327
26029
61097
61096
11082
11083
11084
11085
11082
11083
11084
11085
15322
15323
15324
15325
11178
11179
11180
11181
11082
24940
25026
10810
9352
12494
12058
12059
11626
61097
12585
46651
13434
27518
1036
24983
9176
62080
62081
62082
62083
62084
62085
62086
62087
62088
62089
62090
62091
61096
61095
64583
50614
50615
50616
50617
50614
50615
50616
50617
36721
36722
62092
61097
10162
10163
10162
10163
36721
36722
10240
18140
18141
61096
5524
5524
18140
18141
10240
61097
61096
62093
62094
62095
62096
62097
62098
62099
62100
62101
62102
62103
62104
62105
61097
61094
64583
12058
62106
62107
62108
62109
62110
62111
62112
62113
62114
62115
62116
62117
61096
61095
13434
12059
12585
62118
62119
62120
62121
62122
62123
62124
62125
62126
62127
62128
62129
61097
61094
64583
5586
5587
61542
61543
5586
5587
61096
61542
61543
53134
53135
25684
25685
53134
53135
25684
25685
10239
62130
15336
15337
4498
10239
15336
15337
4498
61097
61096
62131
62132
62133
62134
62135
62136
62137
62138
62139
62140
62141
62142
61097
61095
12058
26029
62143
33324
26029
33324
61096
35327
35327
33325
26029
61097
61096
11082
11083
11084
11085
15322
15323
15324
15325
61097
11082
11178
11179
11180
11181
11082
11083
11084
11085
62144
62145
62146
62147
62148
62149
62150
62151
62152
62153
62154
62155
62156
61096
61094
13434
11626
12059
12585
12494
62157
62158
62159
62160
62161
62162
62163
62164
62165
62166
62167
62168
62169
61095
61097
27518
62170
62171
62172
62173
62174
62175
62176
62177
62178
62179
62180
62181
61096
61094
50614
50615
50616
50617
50614
50615
50616
50617
10162
10163
36721
36722
61097
10162
10163
61096
36721
36722
5524
10240
18140
18141
5524
10240
18140
18141
61097
61096
62182
62183
62184
62185
62186
62187
62188
62189
62190
62191
62192
62193
62194
61095
61097
26029
61096
33324
26029
33325
33324
62195
35327
61097
61096
26029
11082
11083
11084
11085
46802
46803
46804
46805
61097
11082
11083
11084
11085
11082
12058
42132
61096
42132
61097
36804
14481
14482
61096
14482
45938
61097
33324
2896
14482
62196
14482
61097
61096
45938
14482
61096
14482
14483
61097
45938
36804
5586
5587
61542
61543
50618
50619
62197
62198
62199
62200
62201
62202
62203
62204
62205
62206
62207
62208
61096
61094
33324
33325
64583
50618
50619
50620
50621
50622
50623
61542
61543
62209
61542
61543
50618
50619
50620
50621
50622
50623
53134
53135
25684
25685
61097
40033
40034
54582
54583
54584
54585
54586
54587
25684
25685
53134
53135
54582
54583
54584
54585
54586
54587
40033
40034
61096
15336
15337
4498
10239
10239
15336
15337
4498
61097
61096
61097
21569
61096
21569
28134
28134
2896
35651
35652
13434
43176
27480
27481
30132
30133
62210
62211
62212
62213
62214
62215
62216
62217
62218
62219
62220
62221
62222
62223
61095
61097
28896
28897
61096
61097
44109
44110
50616
50617
55430
55431
44109
44110
61096
61097
28896
28897
55430
55431
50616
50617
63532
63533
61096
46034
46035
46034
46035
63532
63533
10240
61097
18140
18141
5524
10240
18140
18141
5524
61096
61097
13411
18710
18916
25024
20421
20419
25020
29288
11626
12494
12058
12059
12585
37819
27518
62224
62225
62226
62227
62228
62229
62230
62231
62232
62233
62234
62235
62236
61094
61096
13434
18022
61097
63301
61096
61097
18022
16014
45938
16014
64435
64436
50614
50615
61096
50614
50615
64435
64436
10162
10163
11392
11393
53134
53135
36721
36722
53134
53135
11392
11393
36721
36722
62237
10162
10163
61097
4498
10239
15336
15337
15336
15337
4498
10239
61096
61097
13345
33325
58928
62238
45694
32336
34364
46304
25615
36362
62239
62240
62241
62242
62243
62244
62245
62246
62247
62248
62249
62250
61096
61095
13548
13549
55430
55431
13548
13549
55430
55431
62251
63510
63511
61097
22211
22212
22211
22212
63510
63511
5524
18140
18141
61096
10240
5524
10240
18140
18141
61097
61096
26029
61097
33324
26029
33325
33324
35327
61096
35327
62252
26029
61097
11082
11083
11084
11085
11082
11083
11084
11085
61096
15322
15323
15324
15325
11178
11179
11180
11181
11082
9352
24963
18522
18916
61097
11626
9331
9346
12585
12058
12059
12494
24983
62253
62254
62255
62256
62257
62258
62259
62260
62261
62262
62263
62264
61096
61094
1799
9198
13434
27518
62265
62266
62267
62268
62269
62270
62271
62272
62273
62274
62275
62276
61097
61095
50614
50615
50616
50617
50614
50615
50616
50617
62277
36721
36722
61096
10162
10163
10162
10163
36721
36722
10239
61097
15336
15337
4498
4498
10239
15336
15337
61096
61097
18022
18023
61096
18023
61097
45938
16014
16014
33325
33326
13345
24892
24893
62278
62279
62280
62281
62282
62283
62284
62285
62286
62287
62288
62289
62290
61096
61094
12058
62291
62292
62293
62294
62295
62296
62297
62298
62299
62300
62301
62302
62303
61095
61097
18522
20421
18916
12059
12585
24963
13434
25615
46383
32336
36362
62304
62305
62306
62307
62308
62309
62310
62311
62312
62313
62314
62315
61096
61094
44109
44110
55430
55431
44109
44110
61097
55430
55431
46034
46035
63532
63533
63532
63533
46034
46035
5524
10240
61096
18140
18141
5524
10240
18140
18141
61097
61096
13434
62316
62317
62318
62319
62320
62321
62322
62323
62324
62325
62326
62327
62328
61097
61095
12058
62329
26029
33324
26029
18023
33324
35327
61096
33325
18023
18024
35327
61097
61096
16014
26029
45938
61097
61096
11082
11083
11084
11085
11082
11083
11084
11085
15322
15323
15324
15325
11178
11179
11180
11181
11082
33326
62330
62331
32600
61097
32600
16014
61096
11253
61097
37627
24893
13345
52331
33326
43176
43177
57904
48825
39591
62830
13206
50008
13207
64583
64584
62332
62333
62334
62335
62336
62337
62338
62339
62340
62341
62342
62343
62344
62345
62346
62347
62348
62349
62350
62351
62352
62353
62354
62355
62356
62357
62358
62359
62360
62361
62362
62363
62364
62365
62366
62367
62368
62369
62370
62371
62372
62373
62374
62375
62376
62377
62378
62379
61096
3478
6565
52331
6561
57904
3489
5658
1501
1501
62380
62381
62382
62383
62384
62385
62386
62387
62388
62389
62390
62391
62392
62393
62394
62395
62396
62397
62398
61097
60626
58292
61094
58291
6568
52331
52332
6568
32403
25019
24529
6568
5093
7848
30052
28977
20518
37967
37940
37630
37849
35720
36016
37946
37633
62399
62400
62401
62402
62403
62404
62405
62406
62407
62408
62409
62410
62411
62412
62413
62414
62415
62416
62417
62418
62419
62420
62421
62422
62423
62424
62425
62426
62427
62428
62429
62430
62447
62448
62449
62450
62451
62452
62453
62454
62455
62456
62457
62458
62459
62460
62461
62462
62431
62432
62433
62434
62435
62436
62437
62438
62439
62440
62441
62442
62443
62444
62445
62446
62463
62464
62465
62466
62467
62468
62469
62470
62471
62472
62473
62474
62475
62476
62477
62478
62479
62480
62481
62482
62483
62484
62485
62486
62487
62488
62489
62490
62491
62492
62493
62494
62495
62496
62497
62498
62499
62500
62501
62502
62503
62504
62505
62506
62507
62508
62509
62510
62511
62512
62513
62514
62515
62516
62517
62518
62519
62520
62521
62522
61096
43583
48853
37973
39535
46200
37971
44649
37969
4143
2592
5457
63247
63098
64550
557
2544
52332
13660
13661
13662
13663
13664
13665
13666
13667
13668
13669
13670
13671
13672
13673
13674
6565
13675
15729
15730
15731
15732
15733
15734
15735
15736
15737
15738
15739
15740
15741
15742
15743
62523
62524
62525
62526
62527
62528
62529
62530
62531
62532
62533
62534
62535
62536
62537
62538
62539
62540
62541
62542
62543
62544
62545
62546
62547
62548
62549
62550
62551
62552
62553
62554
62555
62556
62557
62558
62559
62560
62561
62562
62563
62564
62565
62566
62567
62568
62569
62570
62571
62572
61097
57904
8703
9167
7560
8650
9169
7982
52332
8734
9171
10379
16677
16089
9173
7560
62573
62574
62575
62576
62577
62578
62579
62580
62581
62582
62583
62584
62585
62586
62587
62588
62589
62590
62591
62592
62593
62594
62595
62596
62597
62598
62599
62600
62601
62602
62603
62604
62605
62606
62607
62608
62609
62610
62611
62612
62613
62614
62615
62616
62617
62618
62619
62620
62621
62622
62623
62624
62625
62626
62627
62628
62629
62630
62631
62632
62633
62634
62635
62636
62637
62638
62639
62640
62641
62642
62643
62644
62645
62646
62647
62648
62649
62650
62651
62652
61096
62653
62654
62655
62656
62657
62658
62659
62660
62661
62662
62663
62664
62665
62666
62667
62668
62669
62670
62671
62672
62673
62674
62675
62676
62677
62678
24195
64416
52332
26749
28283
22832
42667
40725
40726
40727
40728
40729
40730
40731
40732
40733
40734
40735
29916
15743
33672
55646
80
15113
57113
3675
40591
37064
6669
22832
52332
40735
9963
9964
9965
9966
9967
9968
9969
9970
9971
9972
9973
9974
9975
9976
9977
6025
9978
36177
36178
36179
36180
36181
36182
36183
36184
36185
36186
36187
6025
50618
50619
50620
50621
50622
50623
50624
50625
50614
50615
50616
50617
26743
26744
26745
26746
26747
26748
26749
26750
26751
26752
26753
26754
50624
50625
50626
50627
50620
50621
38498
38499
38500
38501
38502
38503
38504
38505
38506
38507
26755
26756
26757
26758
26759
26760
26761
26762
26763
26764
26765
26766
26767
26768
26769
26770
26771
26772
26773
26774
26775
26776
50620
50621
50624
50625
50626
50627
38508
38509
38510
38511
38512
38513
26743
26744
26745
26746
26747
26748
26749
26750
26751
26752
26753
26754
26755
26756
26757
26758
26759
26760
26761
26762
26763
26764
26765
26766
26767
26768
26769
26770
26771
26772
26773
26774
26775
26776
38498
38499
38500
38501
38502
38503
38504
38505
38506
38507
62679
62680
62681
62682
62683
62684
62685
62686
62687
62688
62689
62690
62691
62692
62693
62694
38508
38509
38510
38511
38512
38513
10162
10163
36721
36722
62695
62696
61097
40033
40034
40035
40036
54582
54583
54584
54585
54586
54587
36409
36410
40033
40034
40035
40036
54582
54583
54584
54585
54586
54587
36409
36410
33584
33585
33586
33587
33588
33589
33590
33591
33592
33593
33594
33595
36721
36722
10162
10163
61096
33584
33585
33586
33587
33588
33589
33590
33591
33592
33593
33594
33595
4498
10239
15336
15337
15336
15337
4498
10239
61097
61096
11253
11253
62697
62698
61097
37627
61096
12059
9160
5037
57904
26759
35111
12697
6025
6026
43177
26883
40977
56531
24893
12705
12715
62699
61097
18522
12811
18710
19898
18916
22676
19923
21067
20421
20439
25025
25026
25918
24963
23246
27926
27740
27557
10042
27935
27936
27937
27938
27939
27940
10218
30111
10237
11016
10821
10812
10461
11123
11462
11275
11424
11070
11041
11563
11553
11550
11497
11565
11635
11629
11630
11626
11656
11657
11654
11648
11669
11670
11687
11672
11673
12012
11901
12058
12033
12571
12494
12179
12311
12585
27519
61096
27519
27610
27519
27610
43424
27519
61097
62700
5973
5974
5975
5976
6025
6026
6027
6028
61096
26029
5973
5974
5975
5976
5973
33324
61097
26029
33324
35327
35327
61096
33325
26029
61097
61096
14578
14579
14580
14581
11082
11083
11084
11085
11082
11083
11084
11085
46838
46839
46840
46841
11082
61095
62701
62702
62703
62704
62705
62706
62707
62708
62709
62710
62711
62712
62713
62714
61097
60627
58293
58290
27518
35699
35700
28667
28668
14841
14842
13492
13493
30326
30327
13524
13525
12962
13548
13549
13588
13589
11769
61096
61097
61148
61149
61238
61239
35699
35700
61300
61301
28667
28668
61392
61393
61540
61541
30326
30327
14841
14842
13492
13493
13548
13549
13524
13525
13588
13589
11769
61096
61097
12962
61148
61149
61238
61239
62715
61300
61301
61392
61393
61096
61540
61541
22211
22212
5889
5890
40227
40228
20955
20956
63510
63511
53779
53780
50929
50930
36812
36813
53128
53129
53134
53135
22211
22212
11392
11393
42164
42165
20955
20956
5889
5890
63510
63511
40227
40228
53779
53780
50929
50930
53128
53129
53134
53135
36812
36813
11392
11393
42164
42165
10240
61097
18140
18141
5524
10240
18140
18141
5524
61096
61097
62716
62717
62718
62719
62720
62721
62722
62723
62724
62725
62726
62727
62728
61096
61094
9179
24024
41355
41356
57069
37819
16331
10347
45694
9199
9200
9201
9202
62729
62730
62731
25615
32336
46304
61097
9204
9205
36362
46383
9213
9214
9215
9216
9241
12205
9246
9191
9189
9173
9174
9175
9176
9177
9178
9179
9180
9181
9182
9183
9184
9185
9186
9193
9194
62732
62733
9197
13202
65528
17142
8615
30831
31624
33129
34845
23355
20848
30795
40909
11061
9457
41748
12346
14051
64520
64520
64520
61096
62734
62735
62736
62737
64520
64520
61097
64520
64520
61096
64520
64520
61097
62738
9970
9971
61096
61097
61096
9970
61097
9971
61097
61096
61097
61096
9972
38273
38274
61096
9970
61097
9971
47645
64520
64520
62739
61096
47646
61097
8148
33103
18060
64652
54382
30676
41910
12954
56050
44576
61548
61549
61654
61655
31884
31885
61706
61707
24920
24921
61696
61697
11277
11278
51719
51720
24924
24925
22879
22880
61654
61655
61548
61549
61696
61697
61706
61707
31884
31885
62740
62741
62742
62743
62744
62745
62746
62747
62748
62749
62750
62751
62752
62753
62754
62755
62756
62757
62758
62759
62760
49228
49229
49230
49231
41357
19601
19602
19603
19604
61095
61096
24924
24925
24920
24921
11277
11278
51719
51720
22879
22880
61097
63532
63533
42168
42169
46032
46033
46034
46035
63532
63533
42168
42169
46032
46033
46034
46035
61096
4498
15336
15337
10239
10239
4498
15336
15337
62761
61097
61096
45932
45933
45934
45935
2908
2909
57069
57070
56147
56148
45936
9134
9135
9136
9137
19605
26879
2908
2909
57070
64584
64585
5093
23831
37376
28953
31790
41114
13434
1980
6223
62762
62763
62764
62765
62766
62767
62768
16611
36073
24983
62769
62770
62771
62772
62773
62774
62775
62776
62777
62778
62779
62780
62781
61097
61094
64585
12841
12842
12847
12848
12849
12850
19898
20305
20004
20005
23246
25656
61096
27926
62782
62783
62784
62785
62786
62787
62788
62789
62790
62791
62792
62793
62794
26355
26356
29376
61095
28511
28512
9195
9432
9352
9358
9343
9382
10378
10282
9988
10300
11626
12033
12058
12059
12585
12494
43177
43178
35652
62795
62796
62797
62798
62799
62800
62801
62802
62803
62804
62805
62806
62807
61097
61094
24024
9179
64585
64586
9198
9204
9206
9175
9177
9211
9212
9194
9197
9179
9180
62808
62809
62810
62811
62812
62813
62814
62815
62816
62817
62818
62819
62820
61095
61096
4158
13766
10347
12205
44109
44110
36613
36614
48520
48521
48526
48527
50843
50844
50861
50862
55430
55431
36613
36614
50867
50868
48520
48521
44109
44110
48526
48527
55430
55431
61097
50867
50868
50843
50844
50861
50862
10162
10163
36721
36722
10162
10163
37819
36721
36722
18140
18141
62821
61096
5524
10240
18140
18141
5524
10240
61097
62822
62823
62824
62825
62826
62827
62828
62829
62830
62831
62832
62833
62834
61094
47645
47646
61096
36995
36996
10810
20419
18710
12847
13228
9352
12058
12059
11626
61097
12585
12494
46651
62835
62836
62837
62838
62839
62840
62841
62842
62843
62844
62845
62846
62847
62848
62849
62850
61096
61095
26029
62851
62852
62853
62854
33324
26029
61097
33324
35327
61096
33325
35327
26029
61097
61096
11082
11083
11084
11085
11082
11083
11084
11085
15322
15323
15324
15325
11178
11179
11180
11181
11082
30736
26879
64586
26157
34364
46304
62855
62856
62857
62858
62859
62860
62861
62862
62863
62864
62865
62866
62867
61097
61094
60628
58292
58291
64520
64520
64521
9160
64520
64521
64521
64521
64521
64521
64521
64521
2908
2909
57070
24983
60629
58290
64521
64521
64521
64521
64521
64521
64521
64521
64521
64521
64521
64521
64521
64521
64521
64521
64521
64521
64521
64521
64521
64522
64522
64521
64521
64522
64522
64521
64521
64522
64522
64521
64521
64522
64522
64522
64522
64522
64522
64522
64522
64522
64522
64522
64522
13434
64522
64522
64522
64522
25298
57070
57070
4158
62868
62869
62870
62871
62872
62873
62874
62875
62876
62877
62878
62879
62880
62881
62882
62883
62884
62885
62886
61095
61096
26029
57070
62299
27518
61097
33324
26029
33325
33324
35327
62887
35327
61096
26029
61097
61096
11082
11083
11084
11085
11082
11083
11084
11085
15382
15383
15384
15385
15561
11082
13492
13493
13524
13525
13492
13493
40227
40228
61097
13524
13525
40227
40228
50929
50930
15336
15337
50929
50930
61096
4498
4498
10239
10239
15336
15337
61097
62888
61096
61097
61094
62889
62890
62891
62892
62893
62894
62895
62896
62897
62898
62899
62900
12833
12848
20598
61096
62901
23246
20609
28511
28512
24894
24036
24057
9988
10282
29152
10004
12058
12059
10300
11626
10810
12494
12585
9175
9206
46651
39563
62902
62903
62904
62905
62906
62907
62908
62909
62910
62911
62912
62913
62914
61097
61095
12205
13766
24024
62915
62916
62917
62918
62919
62920
62921
62922
62923
62924
62925
62926
61096
61094
64586
15843
27518
62927
62928
62929
62930
62931
62932
62933
62934
62935
62936
62937
62938
62939
61095
61097
13434
62940
62941
62942
62943
62944
62945
62946
62947
62948
62949
62950
62951
61094
61096
20268
36362
64586
62952
62953
62954
62955
62956
62957
62958
62959
62960
62961
62962
62963
61097
61095
36613
36614
44109
44110
44109
44110
61096
36613
36614
62964
10162
10163
36721
36722
10162
10163
36721
36722
61097
5524
10240
18140
18141
18140
18141
5524
10240
61096
61097
62965
62966
62967
62968
62969
62970
62971
62972
62973
62974
62975
62976
62977
61096
61094
12058
62978
26029
33324
26029
33325
33324
35327
61097
35327
61096
26029
61097
11082
11083
11084
11085
11082
11083
11084
11085
15322
15323
15324
15325
11178
11179
11180
11181
11082
62979
62980
62981
62982
62983
62984
62985
62986
62987
62988
62989
62990
62991
61096
61095
22738
22758
11626
9998
12494
12059
12585
13434
62992
62993
62994
62995
62996
62997
62998
62999
63000
63001
63002
63003
61097
61094
9339
10111
27518
63004
63005
63006
63007
63008
63009
63010
63011
63012
63013
63014
63015
61096
61095
64586
64587
13492
13493
13524
13525
13492
13493
61097
13524
13525
50929
50930
40227
40228
40227
40228
50929
50930
63016
61096
4498
10239
15336
15337
4498
10239
15336
15337
61097
61096
63017
63018
63019
63020
63021
63022
63023
63024
63025
63026
63027
63028
61097
61094
64587
12058
63029
63030
63031
63032
63033
63034
63035
63036
63037
63038
63039
63040
63041
61096
61095
13434
12585
12059
63042
63043
63044
63045
63046
63047
63048
63049
63050
63051
63052
63053
61097
61094
63054
37819
2171
24983
36613
36614
44109
44110
61096
36613
36614
44109
44110
10162
10163
36721
36722
36721
36722
10162
10163
18140
18141
61097
5524
10240
18140
18141
5524
10240
61096
61097
63055
63056
63057
63058
63059
63060
63061
63062
63063
63064
63065
63066
63067
61096
61095
9352
63068
63069
63070
63071
63072
63073
63074
63075
63076
63077
63078
63079
63080
61097
61094
26029
61096
33324
26029
33324
35327
63081
35327
33325
26029
61097
11082
11083
11084
11085
61096
61097
15322
15323
15324
15325
11082
11178
11179
11180
11181
11082
11083
11084
11085
13411
20411
20269
25022
20417
25024
12058
12059
12494
61096
11626
12585
13680
13434
63082
63083
63084
63085
63086
63087
63088
63089
63090
63091
63092
63093
63094
61097
61095
2171
27518
63095
63096
63097
63098
63099
63100
63101
63102
63103
63104
63105
63106
61094
61096
13492
13493
13492
13493
13524
13525
61097
13524
13525
40227
40228
40227
40228
50929
50930
15336
15337
50929
50930
61096
4498
10239
10239
15336
15337
4498
61097
61096
64587
63107
63108
63109
63110
63111
63112
63113
63114
63115
63116
63117
63118
63119
61095
61097
12058
61096
43876
24581
43876
61097
37062
61096
34633
2896
37062
37063
61097
4797
24581
36613
36614
44109
44110
63120
63121
63122
63123
63124
63125
63126
63127
63128
63129
63130
63131
63132
61096
61094
34633
43178
63133
10162
10163
36721
36722
10162
10163
36721
36722
10240
18140
18141
61097
10240
5524
5524
18140
18141
61096
61097
13434
12641
20419
18710
12058
12059
22168
20421
12585
63134
63135
63136
63137
63138
63139
63140
63141
63142
63143
63144
63145
61096
61095
28896
28897
13524
13525
45694
28896
28897
13524
13525
63146
61097
27480
27481
27480
27481
30132
30133
30132
30133
61096
15336
15337
4498
10239
10239
15336
15337
4498
61097
61096
13434
34364
46304
36362
63147
63148
63149
63150
63151
63152
63153
63154
63155
63156
63157
63158
63159
61097
61094
12058
26029
61096
33324
26029
33325
33324
35327
61097
35327
63160
26029
61096
61097
11082
11083
11084
11085
11082
11083
11084
11085
15322
15323
15324
15325
11178
11179
11180
11181
11082
63161
63162
63163
63164
63165
63166
63167
63168
63169
63170
63171
63172
61096
61095
11626
12059
12494
12585
63173
63174
63175
63176
63177
63178
63179
63180
63181
63182
63183
63184
63185
61094
61097
27518
63186
63187
63188
63189
63190
63191
63192
63193
63194
63195
63196
63197
61095
61096
44109
44110
13492
13493
44109
44110
61097
13492
13493
40227
40228
50929
50930
40227
40228
50929
50930
61096
10240
5524
18140
18141
18140
18141
5524
10240
61097
61096
63198
63199
63200
63201
63202
63203
63204
63205
63206
63207
63208
63209
63210
61094
61097
12058
39563
63211
63212
63213
63214
63215
63216
63217
63218
63219
63220
63221
63222
63223
61096
61095
12691
20268
13274
12059
12585
25026
20412
13434
63224
63225
63226
63227
63228
63229
63230
63231
63232
63233
63234
63235
63236
61097
61094
63237
63238
27662
61096
59919
63239
63240
63241
63242
63243
63244
63245
63246
63247
63248
63249
63250
63251
61095
61097
46088
37819
64587
13524
13525
28896
28897
13524
13525
28896
28897
63252
63253
61096
30132
30133
63254
63255
63256
63257
63258
63259
63260
63261
63262
63263
63264
63265
27480
27481
61094
61097
27480
27481
30132
30133
61096
4498
10239
15336
15337
15336
15337
4498
10239
61097
61096
26029
63266
33324
26029
61097
33324
35327
33325
35327
35328
35483
35647
36211
35647
35483
61096
36538
36211
26029
61097
11082
11083
11084
11085
61096
14822
14823
14824
14825
14546
14547
14548
14549
11082
11083
11084
11085
11818
11819
11820
11821
60928
60929
60930
60931
11086
11087
11088
11089
14670
14671
14672
14673
11082
36362
63267
63268
63269
63270
63271
63272
63273
63274
63275
63276
63277
63278
63279
63280
61097
61095
35337
19898
26356
20005
9343
10811
9352
9382
10949
61096
11626
63281
12058
12059
11629
12166
11656
11657
11739
12494
12585
63282
63283
63284
63285
63286
63287
63288
63289
63290
63291
63292
63293
61094
61097
56050
16331
9169
46651
61096
26029
33324
35327
26029
33325
33324
63294
35327
61097
26029
61096
61097
11082
11083
11084
11085
11082
11083
11084
11085
15322
15323
15324
15325
11178
11179
11180
11181
11082
61096
27518
63295
63296
63297
63298
63299
63300
63301
63302
63303
63304
63305
63306
63307
61095
61097
24983
13434
41748
63308
63309
63310
63311
63312
63313
63314
63315
63316
63317
63318
63319
61094
61096
35337
63320
63321
63322
63323
63324
63325
63326
63327
63328
63329
63330
63331
63332
61097
61095
11626
12494
13492
13493
44109
44110
44109
44110
13492
13493
40227
40228
61096
50929
50930
50929
50930
40227
40228
5524
61097
61096
63333
63334
63335
63336
63337
63338
63339
63340
63341
63342
63343
63344
63345
10240
18140
18141
5524
10240
61094
18140
18141
61097
61096
12058
63346
63347
63348
63349
63350
63351
63352
63353
63354
63355
63356
63357
61095
61097
4797
13434
12585
12059
63358
63359
63360
63361
63362
63363
63364
63365
63366
63367
63368
63369
61094
61096
28896
28897
13524
13525
13524
13525
28896
28897
63370
27480
27481
30132
30133
61097
61096
27480
27481
30132
30133
4498
10239
15336
15337
15336
15337
4498
10239
61097
61096
64587
64588
13434
63371
63372
63373
63374
63375
63376
63377
63378
63379
63380
63381
63382
63383
61097
61095
12058
26029
61096
33324
26029
33325
33324
35327
61097
35327
26029
63384
61096
11082
11083
11084
11085
11082
11083
11084
11085
61097
15322
15323
15324
15325
11082
11178
11179
11180
11181
63385
63386
63387
63388
63389
63390
63391
63392
63393
63394
63395
63396
61096
61094
12494
11626
12585
12059
63397
63398
63399
63400
63401
63402
63403
63404
63405
63406
63407
63408
63409
61095
61097
49526
2745
47000
34209
22706
13698
13699
25188
53285
41652
25296
63701
491
53835
34254
47005
55560
34247
39074
58731
428
20564
2709
331
63712
27518
61096
64522
64522
47645
47646
61097
36995
61096
64522
36996
64522
63410
64522
64522
61097
63411
63412
63413
63414
63415
63416
63417
63418
63419
63420
63421
63422
61094
61096
44109
44110
13492
13493
44109
44110
61097
13492
13493
40227
40228
50929
50930
40227
40228
50929
50930
61096
12841
10240
5524
18140
18141
5524
10240
18140
18141
63423
61097
61096
63424
63425
63426
63427
63428
63429
63430
63431
63432
63433
63434
63435
63436
61095
61097
12585
10378
12847
12058
12059
10810
12033
15843
9204
9179
9194
4158
63437
63438
63439
63440
63441
63442
63443
63444
63445
63446
63447
63448
61096
61094
64588
13434
46651
63449
63450
63451
63452
63453
63454
63455
63456
63457
63458
63459
63460
63461
61097
61095
64588
37819
28896
28897
13524
13525
28896
28897
61096
13524
13525
27480
27481
27480
27481
30132
30133
30132
30133
10239
15336
15337
61097
4498
4498
10239
15336
15337
61096
63462
63463
63464
63465
63466
63467
63468
63469
63470
63471
63472
63473
63474
13434
61097
61094
9352
63475
63476
63477
63478
63479
63480
63481
63482
63483
63484
63485
63486
63487
61096
61095
61097
26029
33324
35327
26029
33325
33324
61096
35327
26029
63488
61097
11082
11083
11084
11085
11082
11083
11084
11085
15322
15323
15324
15325
11178
11179
11180
11181
11082
24983
61096
12494
12058
12059
11626
12585
63489
63490
63491
63492
63493
63494
63495
63496
63497
63498
63499
63500
61097
61094
64588
64589
27518
63501
63502
63503
63504
63505
63506
63507
63508
63509
63510
63511
63512
61096
61095
44109
44110
13492
13493
44109
44110
13492
13493
63513
40227
40228
40227
40228
50929
50930
50929
50930
5524
18140
18141
61097
10240
5524
10240
18140
18141
61096
61097
64589
63514
63515
63516
63517
63518
63519
63520
63521
63522
63523
63524
63525
61096
61094
64589
12058
63526
63527
63528
63529
63530
63531
63532
63533
63534
63535
63536
63537
63538
61097
61095
13434
12585
12059
63539
63540
63541
63542
63543
63544
63545
63546
63547
63548
63549
63550
61096
61094
28896
28897
13524
13525
63551
13524
13525
61097
28896
28897
27480
27481
27480
27481
30132
30133
15336
15337
61096
30132
30133
4498
10239
15336
15337
4498
10239
61097
61096
26160
63552
63553
63554
63555
63556
63557
63558
63559
63560
63561
63562
63563
63564
61097
61095
27518
61096
20382
61097
26029
33324
26029
33325
33324
35327
63565
35327
26029
61097
61096
11082
11083
11084
11085
11082
11083
11084
11085
61096
15322
15323
15324
15325
11178
11179
11180
11181
11082
63566
63567
63568
63569
63570
63571
63572
63573
63574
63575
63576
63577
63578
61094
61097
12494
12641
12585
22168
11293
11626
20422
12058
12059
13434
40726
63579
63580
63581
63582
63583
63584
63585
63586
63587
63588
63589
63590
61096
61095
27518
63591
63592
63593
63594
63595
63596
63597
63598
63599
63600
63601
63602
61094
61097
44109
44110
13492
13493
44109
44110
61096
13492
13493
40227
40228
50929
50930
40227
40228
50929
50930
61097
10240
5524
18140
18141
18140
18141
10240
63603
5524
61096
61097
63604
63605
63606
63607
63608
63609
63610
63611
63612
63613
63614
63615
61096
61095
12058
63616
63617
63618
63619
63620
63621
63622
63623
63624
63625
63626
63627
63628
61097
61094
12585
13434
12059
63629
63630
63631
63632
63633
63634
63635
63636
63637
63638
63639
63640
61096
61095
9792
40765
32918
45125
37483
18393
18394
18395
37819
6026
32918
28896
28897
13524
13525
63641
63642
63643
63644
63645
63646
63647
63648
63649
63650
63651
63652
28896
28897
13524
13525
27480
27481
27480
27481
30132
30133
61097
61096
30132
30133
4498
10239
15336
15337
15336
15337
4498
10239
63653
61096
61097
64589
19828
63654
63655
63656
63657
63658
63659
63660
63661
63662
63663
63664
63665
63666
2857
61097
61094
27518
32918
64589
64590
32918
32918
64590
9352
32918
52792
32918
64590
64591
52792
63667
63668
63669
63670
63671
63672
63673
63674
63675
63676
63677
63678
63679
63680
63681
63682
63683
61096
61095
52792
52792
12489
64591
64592
12492
12572
12494
12585
12872
12697
63684
63685
63686
63687
13107
20421
13269
20482
20483
13264
36083
26137
23246
23988
25025
25026
25027
9300
9310
9311
9190
9215
9321
9325
9323
9327
9336
9329
9331
10193
9380
9478
10376
10345
10346
10898
10899
10700
10812
10826
11072
11147
11239
11289
11159
11413
11532
11472
11626
61097
11671
11901
11654
12035
12033
12058
12059
63688
63689
9206
28985
10034
24983
9210
9211
61096
24024
9250
9179
9175
9173
9194
40765
9792
9156
14646
38791
30170
63690
63691
63692
63693
63694
63695
63696
63697
63698
63699
63700
63701
63702
63703
63704
61097
61094
63536
32923
32922
63705
14051
61096
14984
17499
39325
50845
15343
8615
62705
18154
31624
30202
27598
36362
6430
48868
50116
13434
52792
9140
6026
64592
63706
63707
63708
63709
63710
63711
63712
63713
63714
63715
63716
63717
63718
63719
61095
61097
27519
61096
27519
27610
27610
27519
35041
43424
43424
43425
34792
61097
35041
63720
27519
61097
61096
6033
6034
6035
6036
5973
5974
5975
5976
5973
5974
5975
5976
6025
6026
6027
6028
61096
5973
8382
8383
8384
8385
26029
33324
26029
33325
33324
35327
35483
35327
35328
35647
36211
35647
35483
36211
36541
36538
63721
36538
61096
26029
61097
14578
14579
14580
14581
11082
11083
11084
11085
61097
11082
11083
11084
11085
15322
15323
15324
15325
14490
14491
14492
14493
14494
14495
14496
14497
15482
15483
15484
15485
46802
46803
46804
46805
11178
11179
11180
11181
11082
11923
36828
3966
10111
48990
61096
1799
3904
63722
63723
63724
63725
63726
63727
63728
63729
63730
63731
63732
63733
63734
61094
61097
26029
63735
33324
26029
61096
35327
61097
33324
33325
26029
61096
61097
11082
11083
11084
11085
11082
11083
11084
11085
46802
46803
46804
46805
11082
27518
61096
13492
13493
44109
44110
44109
44110
13492
13493
61097
40227
40228
50929
50930
40227
40228
50929
50930
61096
10240
5524
18140
18141
5524
10240
63736
18140
18141
61097
61096
63737
63738
63739
63740
63741
63742
63743
63744
63745
63746
63747
63748
61097
61095
12494
13296
13263
13286
13287
12585
25026
9305
23246
20421
9327
9313
9308
9315
10700
61096
63749
63750
63751
63752
63753
63754
63755
63756
63757
63758
63759
63760
63761
9336
61094
12033
11626
12058
12059
9206
9212
9175
36362
62323
9792
24024
2857
28985
9156
63762
63763
63764
63765
63766
63767
63768
63769
63770
63771
63772
63773
61095
61097
13434
63774
63775
63776
63777
63778
63779
63780
63781
63782
63783
63784
63785
61094
61096
28896
28897
13524
13525
28896
28897
13524
13525
27480
27481
63786
30132
30133
61097
61096
27480
27481
30132
30133
4498
10239
15336
15337
15336
15337
4498
10239
61097
61096
13434
64592
64593
63787
63788
63789
63790
63791
63792
63793
63794
63795
63796
63797
63798
63799
61097
61095
10008
26029
61096
33324
26029
33325
33324
35327
61097
35327
26029
61096
63800
61097
11082
11083
11084
11085
11082
11083
11084
11085
15322
15323
15324
15325
11178
11179
11180
11181
11082
63801
63802
63803
63804
63805
63806
63807
63808
63809
63810
63811
63812
61096
61094
12494
11626
20422
12585
12058
12059
63813
63814
63815
63816
63817
63818
63819
63820
63821
63822
63823
63824
63825
61095
61097
27518
63826
63827
63828
63829
63830
63831
63832
63833
63834
63835
63836
63837
61094
61096
13492
13493
13492
13493
44109
44110
44109
44110
40227
40228
61097
40227
40228
50929
50930
50929
50930
10240
18140
18141
61096
5524
10240
18140
18141
5524
61097
63838
61096
63839
63840
63841
63842
63843
63844
63845
63846
63847
63848
63849
63850
61095
12058
63851
63852
63853
63854
63855
63856
63857
63858
63859
63860
63861
63862
63863
61097
61094
13434
12059
12585
63864
63865
63866
63867
63868
63869
63870
63871
63872
63873
63874
63875
61096
61095
37819
13524
13525
28896
28897
28896
28897
13524
13525
61097
27480
27481
27480
27481
30132
30133
61096
30132
30133
4498
10239
15336
15337
15336
15337
4498
10239
61097
63876
61096
63877
63878
63879
63880
63881
63882
63883
63884
63885
63886
63887
63888
61094
61097
9352
63889
63890
63891
63892
63893
63894
63895
63896
63897
63898
63899
63900
63901
61095
61096
26029
61097
33324
26029
33325
33324
35327
61096
35327
26029
63902
61096
61097
11082
11083
11084
11085
11082
11083
11084
11085
15322
15323
15324
15325
11082
11178
11179
11180
11181
12494
24983
61097
12585
12058
12059
11626
13434
63903
63904
63905
63906
63907
63908
63909
63910
63911
63912
63913
63914
61096
61094
27518
63915
63916
63917
63918
63919
63920
63921
63922
63923
63924
63925
63926
63927
61097
61095
13492
13493
44109
44110
13492
13493
44109
44110
61096
40227
40228
40227
40228
50929
50930
5524
18140
18141
50929
50930
61097
10240
5524
18140
18141
10240
61096
63928
19422
12585
30441
12058
12059
63929
63930
63931
63932
63933
63934
63935
63936
63937
63938
63939
63940
61097
61094
13434
64593
63941
63942
63943
63944
63945
63946
63947
63948
63949
63950
63951
63952
61095
61096
64593
28896
28897
13524
13525
61097
28896
28897
13524
13525
27480
27481
27480
27481
30132
30133
15336
15337
61096
30132
30133
4498
10239
15336
15337
4498
10239
63953
61097
61096
64593
13434
63954
63955
63956
63957
63958
63959
63960
63961
63962
63963
63964
63965
63966
61097
61094
27518
61096
12058
26029
61097
33324
26029
33325
33324
35327
61096
35327
63967
26029
61097
11082
11083
11084
11085
11082
11083
11084
11085
61096
15322
15323
15324
15325
11082
11178
11179
11180
11181
63968
63969
63970
63971
63972
63973
63974
63975
63976
63977
63978
63979
61095
61097
12494
12585
22702
12059
22711
11626
63980
63981
63982
63983
63984
63985
63986
63987
63988
63989
63990
63991
63992
61096
61094
48990
9339
1799
63993
63994
63995
63996
63997
63998
63999
64000
64001
64002
64003
64004
61097
61095
64593
27518
44109
44110
13492
13493
44109
44110
13492
13493
50929
50930
61096
40227
40228
40227
40228
50929
50930
64005
61097
64006
64007
64008
64009
64010
64011
64012
64013
64014
64015
64016
64017
61094
10240
18140
18141
5524
10240
18140
18141
5524
61096
61097
12058
64593
64018
64019
64020
64021
64022
64023
64024
64025
64026
64027
64028
64029
64030
61096
61095
13434
12585
12059
64031
64032
64033
64034
64035
64036
64037
64038
64039
64040
64041
64042
61097
61094
37819
28896
28897
13524
13525
28896
28897
64043
13524
13525
61096
27480
27481
27480
27481
30132
30133
30132
30133
61097
15336
15337
4498
10239
10239
15336
15337
4498
61096
61097
64044
64045
64046
64047
64048
64049
64050
64051
64052
64053
64054
64055
64056
13434
61095
61096
9352
64057
64058
64059
64060
64061
64062
64063
64064
64065
64066
64067
64068
61094
61097
64069
26029
33324
26029
61096
33324
35327
61097
33325
35327
61096
26029
61097
11082
11083
11084
11085
11082
11083
11084
11085
15322
15323
15324
15325
11178
11179
11180
11181
11082
24983
61096
12494
12585
11626
12058
12059
64070
64071
64072
64073
64074
64075
64076
64077
64078
64079
64080
64081
64082
61097
61095
27518
64083
64084
64085
64086
64087
64088
64089
64090
64091
64092
64093
64094
61096
61094
44109
44110
13492
13493
13492
13493
44109
44110
61097
40227
40228
40227
40228
50929
50930
50929
50930
61096
10240
5524
18140
18141
18140
18141
5524
10240
61097
61096
64522
64095
64522
64522
64522
61097
61096
64522
64522
64522
64522
64522
61097
18396
18397
61097
61096
61096
61097
64096
61096
18396
18397
61097
61097
61096
61096
61097
18398
18399
18400
18397
18396
61097
61096
64522
64522
47645
47646
61096
64593
64594
64097
64098
64099
64100
64101
64102
64103
64104
64105
64106
64107
64108
64109
61097
61095
12058
64110
64111
64112
64113
64114
64115
64116
64117
64118
64119
64120
64121
64122
64123
61094
61096
64124
12489
12841
12842
12847
12491
12585
10378
10811
23246
11671
12059
61097
21569
61096
21569
28134
28134
13434
2896
64125
64126
64127
64128
64129
64130
64131
64132
64133
64134
64135
64136
61095
61097
35652
43178
30132
30133
24024
4158
64137
64138
64139
64140
64141
64142
64143
64144
64145
64146
64147
64148
64149
61096
61094
9197
9194
28896
28897
13524
13525
50618
50619
50620
50621
13524
13525
28896
28897
50618
50619
50620
50621
27480
27481
64150
54582
54583
54584
54585
27480
27481
54582
54583
54584
54585
61097
15336
15337
4498
10239
10239
15336
15337
4498
61096
61097
16331
64151
64152
64153
64154
64155
64156
64157
64158
64159
64160
64161
64162
61096
61095
64594
47645
47646
64163
36995
36996
61097
13492
13493
36613
36614
13492
13493
36613
36614
44109
44110
61096
44109
44110
40227
40228
40227
40228
50929
50930
18140
18141
50929
50930
61097
10240
5524
18140
18141
10240
5524
61096
61097
25024
64164
61096
27518
64165
64166
64167
64168
64169
64170
64171
64172
64173
64174
64175
64176
61097
61094
26029
64177
33324
26029
33324
61096
35327
61097
33325
35327
26029
61096
61097
11082
11083
11084
11085
11082
11083
11084
11085
15322
15323
15324
15325
11178
11179
11180
11181
11082
8452
8465
8466
8460
8456
61096
12494
12585
12847
18710
20421
20419
9181
10810
12058
12059
11626
45694
46304
34364
64178
64179
64180
64181
64182
64183
64184
64185
64186
64187
64188
64189
64190
61095
61097
13434
4158
64191
64192
64193
64194
64195
64196
64197
64198
64199
64200
64201
64202
64203
61094
61096
9169
46651
27518
6026
56261
7851
37819
33326
50614
50615
50616
50617
50614
50615
50616
50617
64204
64205
64206
64207
61097
10162
10163
64208
64209
64210
64211
64212
64213
64214
64215
64216
64217
64218
64219
36721
36722
61096
36721
36722
10162
10163
61095
61097
64220
4498
10239
15336
15337
4498
10239
15336
15337
61096
61097
12163
12494
12668
12585
12810
18916
12751
12708
13488
13489
13490
27465
20421
9352
19899
27733
10903
10810
10811
9508
10900
11626
11441
11019
11021
11668
12058
12059
64594
6026
12549
53665
12549
12549
64221
64222
64223
64224
64225
64226
64227
64228
64229
64230
64231
64232
64233
64234
64235
64236
64237
64238
64239
61096
61094
12549
12549
12549
64594
20583
12549
16331
20583
20583
20583
61894
20583
64240
64241
64242
64243
64244
64245
64246
64247
64248
64249
64250
64251
64252
64253
64254
64255
64256
64257
64258
64259
64260
64261
61095
61097
27420
64200
12205
9067
7160
15551
1150
39308
34749
33542
20437
40395
20209
61096
19540
27518
24983
61097
22258
6223
9209
9215
9213
9218
9236
9232
9234
36362
46304
32336
13434
6026
64262
64263
64264
64265
64266
64267
64268
64269
64270
64271
64272
64273
64274
61096
61094
27519
61097
27519
27610
27610
27519
35041
43424
43424
43425
64275
61096
27519
61097
61096
5973
5974
5975
5976
6033
6034
6035
6036
5973
5974
5975
5976
6025
6026
6027
6028
8382
8383
8384
8385
26029
5973
33324
61097
26029
35327
35327
33325
33324
35483
35647
35647
35483
35328
26029
36211
61096
64276
61097
61096
14578
14579
14580
14581
11082
11083
11084
11085
14490
14491
14492
14493
14494
14495
14496
14497
11082
11083
11084
11085
15482
15483
15484
15485
46802
46803
46804
46805
11082
24024
9179
12489
61097
12492
20421
9190
25026
25027
12494
9215
10700
10826
9336
11626
11654
11671
50489
9792
24640
64277
64278
64279
64280
64281
64282
64283
64284
64285
64286
64287
64288
64289
61096
61095
32923
32922
6430
64290
26029
61097
33324
26029
33325
33324
35327
26029
61096
61097
11082
11083
11084
11085
61096
46802
46803
46804
46805
11082
11082
11083
11084
11085
3966
13492
13493
13492
13493
13524
13525
61097
13524
13525
40227
40228
40227
40228
50929
50930
50929
50930
61096
10240
5524
18140
18141
5524
18140
18141
10240
64291
61097
64292
64293
64294
64295
64296
64297
64298
64299
64300
64301
64302
64303
61096
61094
61097
3904
56261
39563
39564
33326
33327
7851
7852
11923
64304
64305
64306
64307
64308
64309
64310
64311
64312
64313
64314
64315
64316
64317
61095
61096
61097
26029
33324
35327
26029
33325
33324
26029
61096
64318
14578
14579
14580
14581
11082
11083
11084
11085
61097
11082
11082
11083
11084
11085
36362
61096
26029
33324
35327
26029
33325
33324
64319
35327
61097
26029
61096
61097
11082
11083
11084
11085
11082
11083
11084
11085
15322
15323
15324
15325
11178
11179
11180
11181
11082
64320
64321
64322
64323
64324
64325
64326
64327
64328
64329
64330
64331
61096
61094
46304
32336
27518
64332
64333
64334
64335
64336
64337
64338
64339
64340
64341
64342
64343
64344
61097
61095
12058
12059
18916
13263
12494
12585
20268
9352
11626
19899
24983
1799
13434
64345
64346
64347
64348
64349
64350
64351
64352
64353
64354
64355
64356
61094
61096
50614
50615
50616
50617
61097
50614
50615
50616
50617
10162
10163
36721
36722
10162
10163
61096
36721
36722
4498
10239
15336
15337
15336
15337
4498
10239
61097
64357
61096
64358
64359
64360
64361
64362
64363
64364
64365
64366
64367
64368
64369
61097
61095
12058
64370
64371
64372
64373
64374
64375
64376
64377
64378
64379
64380
64381
64382
61096
61094
13434
12059
12585
64383
64384
64385
64386
64387
64388
64389
64390
64391
64392
64393
64394
61097
61095
43178
35652
64395
64396
64397
64398
64399
64400
64401
64402
64403
64404
64405
64406
64407
61096
61094
13492
13493
13524
13525
13492
13493
61097
13524
13525
40227
40228
40227
40228
50929
50930
18140
18141
50929
50930
61096
10240
5524
18140
18141
10240
5524
61097
61096
20419
64408
12256
64409
64410
64411
64412
64413
64414
64415
64416
64417
64418
64419
64420
64421
61095
61097
18710
9308
22683
11626
12494
12585
12058
12059
34364
46304
26029
61096
33324
26029
33325
33324
35327
61097
35327
26029
61096
61097
11082
11083
11084
11085
11082
11083
11084
11085
15322
15323
15324
15325
11178
11179
11180
11181
11082
64422
64423
64424
64425
64426
64427
64428
64429
64430
64431
64432
64433
64434
61094
61096
13434
64435
64436
64437
64438
64439
64440
64441
64442
64443
64444
64445
64446
61097
61095
10111
27518
64447
64448
64449
64450
64451
64452
64453
64454
64455
64456
64457
64458
64459
61096
61094
11626
12494
64460
64461
64462
64463
64464
64465
64466
64467
64468
64469
64470
64471
61095
61097
50614
50615
50616
50617
50614
50615
50616
50617
10162
10163
36721
36722
61096
10162
10163
61097
36721
36722
4498
10239
15336
15337
4498
10239
15336
15337
61096
64472
61097
64473
64474
64475
64476
64477
64478
64479
64480
64481
64482
64483
64484
61094
61096
12058
64594
64485
64486
64487
64488
64489
64490
64491
64492
64493
64494
64495
64496
64497
61097
61095
60630
58293
58291
13434
12059
12585
64498
64499
64500
64501
64502
64503
64504
64505
64506
64507
64508
64509
61094
61096
9159
64594
60631
58292
58290
58317
56261
13524
13525
13492
13493
13492
13493
61097
13524
13525
50929
50930
64510
64511
64512
64513
64514
64515
64516
64517
64518
64519
64520
64521
64522
40227
40228
61095
40227
40228
61096
61097
50929
50930
58293
18140
18141
58291
5524
10240
18140
18141
5524
10240
61096
61097
56261
7276
61096
9352
64523
64524
64525
64526
64527
64528
64529
64530
64531
64532
64533
64534
64535
61097
61094
26029
61096
33324
26029
33325
33324
35327
64536
35327
61096
26029
61097
11082
11083
11084
11085
11082
11083
11084
11085
61097
15322
15323
15324
15325
11082
11178
11179
11180
11181
24983
61096
12494
11626
12058
12059
12585
64537
64538
64539
64540
64541
64542
64543
64544
64545
64546
64547
64548
64549
61097
61095
13434
64550
64551
64552
64553
64554
64555
64556
64557
64558
64559
64560
64561
61096
61094
27518
64562
64563
64564
64565
64566
64567
64568
64569
64570
64571
64572
64573
61097
61095
64594
64595
61096
50614
50615
50616
50617
50614
50615
50616
50617
10162
10163
36721
36722
36721
36722
64574
10162
10163
10239
15336
15337
61097
4498
4498
10239
15336
15337
61096
61097
64575
64576
64577
64578
64579
64580
64581
64582
64583
64584
64585
64586
61096
61094
64595
12058
64587
64588
64589
64590
64591
64592
64593
64594
64595
64596
64597
64598
64599
61095
61097
13434
12585
12059
64600
64601
64602
64603
64604
64605
64606
64607
64608
64609
64610
64611
61094
61096
64595
13492
13493
13524
13525
13524
13525
13492
13493
61097
40227
40228
50929
50930
40227
40228
50929
50930
5524
10240
18140
18141
61096
5524
10240
18140
18141
61097
64612
61096
29504
61096
29504
61097
9868
9868
2896
3737
64613
64614
64615
64616
64617
64618
64619
64620
64621
64622
64623
64624
64625
61097
61095
12058
61096
26029
33324
35327
26029
33325
33324
64626
35327
26029
61096
61097
11082
11083
11084
11085
11082
11083
11084
11085
61097
15322
15323
15324
15325
11082
11178
11179
11180
11181
50614
50615
50616
50617
50618
50619
50620
50621
50622
50623
50614
50615
50616
50617
50618
50619
50620
50621
50622
50623
54582
54583
54584
54585
54586
54587
61096
36721
36722
10162
10163
40033
40034
54582
54583
54584
54585
54586
54587
36721
36722
10162
10163
40033
40034
61097
4498
10239
15336
15337
15336
15337
4498
10239
61096
61097
64627
64628
64629
64630
64631
64632
64633
64634
64635
64636
64637
64638
64639
61096
61094
12494
20411
12585
20421
20423
24944
11626
12058
12059
13434
35699
35700
13524
13525
61718
61719
35699
35700
13524
13525
61718
61719
61097
27480
27481
30132
30133
50446
50447
50446
50447
30132
30133
27103
27104
27480
27481
18140
18141
61096
27103
27104
5524
10240
18140
18141
5524
10240
61097
64640
61096
64641
64642
64643
64644
64645
64646
64647
64648
64649
64650
64651
64652
61095
61097
11761
45694
27518
64653
64654
64655
64656
64657
64658
64659
64660
64661
64662
64663
64664
64665
61094
61096
50614
50615
50616
50617
12058
50614
50615
50616
50617
61097
36721
36722
10162
10163
10162
10163
61096
36721
36722
4498
10239
15336
15337
4498
10239
15336
15337
61097
61096
61097
64522
64522
47645
47646
64666
61096
61097
36995
36996
64522
64522
61096
64522
64522
12585
12841
12847
10378
23246
12058
12059
61097
64667
64668
64669
64670
64671
64672
64673
64674
64675
64676
64677
64678
64679
61095
13434
64680
64681
64682
64683
64684
64685
64686
64687
64688
64689
64690
64691
61096
61094
4158
24024
9197
9194
64692
64693
64694
64695
64696
64697
64698
64699
64700
64701
64702
64703
64704
61097
61095
9296
62323
10810
56261
46651
64705
64706
64707
64708
64709
64710
64711
64712
64713
64714
64715
64716
64717
61094
61096
35699
35700
13492
13493
13492
13493
35699
35700
61097
40227
40228
50929
50930
40227
40228
50929
50930
61096
10240
18140
18141
5524
10240
5524
18140
18141
64718
61096
61097
9352
64719
64720
64721
64722
64723
64724
64725
64726
64727
64728
64729
64730
64731
61095
61097
26029
61096
33324
26029
33325
33324
35327
64732
35327
61097
61096
26029
61097
11082
11083
11084
11085
11082
11083
11084
11085
15322
15323
15324
15325
11178
11179
11180
11181
11082
10811
11626
61096
12058
12059
12494
12585
24983
61097
64733
64734
64735
64736
64737
64738
64739
64740
64741
64742
64743
64744
64745
61094
13434
16331
64746
64747
64748
64749
64750
64751
64752
64753
64754
64755
64756
64757
64758
61096
61095
27518
64759
64760
64761
64762
64763
64764
64765
64766
64767
64768
64769
64770
64771
61094
61097
11670
56044
32922
64772
64773
64774
64775
64776
64777
64778
64779
64780
64781
64782
64783
61095
61096
50614
50615
50616
50617
50614
50615
50616
50617
10162
10163
61097
36721
36722
36721
36722
10162
10163
15336
15337
61096
4498
10239
15336
15337
4498
10239
61097
61096
64784
64785
64786
64787
64788
64789
64790
64791
64792
64793
64794
64795
64796
61097
61094
12058
8456
8452
8465
8466
8460
64797
64798
64799
64800
64801
64802
64803
64804
64805
64806
64807
64808
61096
61095
13434
12059
12585
64809
64810
64811
64812
64813
64814
64815
64816
64817
64818
64819
64820
61097
61094
35699
35700
13492
13493
13492
13493
35699
35700
40227
40228
64821
50929
50930
61096
40227
40228
50929
50930
5524
18140
18141
61097
10240
10240
5524
18140
18141
61096
61097
64595
64596
61897
6026
61897
61896
64822
64823
64824
64825
64826
64827
64828
64829
64830
64831
64832
64833
64834
64835
64836
64837
64838
64839
61095
61096
61897
61897
64596
64597
61897
61897
12058
64597
61897
61898
64597
64598
64840
64841
64842
64843
64844
64845
64846
64847
64848
64849
64850
64851
64852
64853
64854
61097
61094
61898
61898
61898
13460
61898
13434
20421
64855
64856
64857
64858
64859
64860
64861
64862
23246
61096
25027
9190
10700
10826
9336
9215
12489
11671
12059
11626
11654
12492
12494
12585
64598
6026
3966
3904
64863
64864
64865
64866
64867
64868
64869
64870
64871
64872
64873
64874
64875
61097
61095
24024
9179
15025
9792
27518
61096
27519
27519
27610
27610
27519
35041
43424
43425
43424
64876
27519
61097
5973
5974
5975
5976
61096
61097
6033
6034
6035
6036
5973
5974
5975
5976
6025
6026
6027
6028
8382
8383
8384
8385
5973
26029
33324
61096
26029
33324
35327
33325
35327
35328
36211
35483
35647
35483
35647
36541
36538
36538
36211
26029
64877
61097
11082
11083
11084
11085
61096
61097
14578
14579
14580
14581
11082
11083
11084
11085
14490
14491
14492
14493
14494
14495
14496
14497
15322
15323
15324
15325
11178
11179
11180
11181
15482
15483
15484
15485
46802
46803
46804
46805
11082
14984
9209
9180
50614
50615
50616
50617
50614
50615
50616
50617
10162
10163
36721
36722
61096
10162
10163
36721
36722
64878
4498
64879
64880
64881
64882
64883
64884
64885
64886
64887
64888
64889
64890
61097
61096
15336
15337
10239
10239
15336
15337
61094
4498
61097
61096
32922
32923
6430
36362
13434
26029
64891
33324
26029
33324
61097
35327
61096
33325
61097
26029
61096
11082
11083
11084
11085
14578
14579
14580
14581
11082
11082
11083
11084
11085
64892
64893
64894
64895
64896
64897
64898
64899
64900
64901
64902
64903
64904
61095
61097
64598
11923
64905
64906
64907
64908
64909
64910
64911
64912
64913
64914
64915
64916
61096
61094
23246
13263
20421
11626
12494
12585
12058
12059
61097
64917
64918
64919
64920
64921
64922
64923
64924
64925
64926
64927
64928
64929
61095
1799
27518
64930
64931
64932
64933
64934
64935
64936
64937
64938
64939
64940
64941
61094
61096
56261
35699
35700
13492
13493
13492
13493
35699
35700
64942
40227
40228
61097
40227
40228
50929
50930
50929
50930
18140
18141
61096
5524
10240
5524
18140
18141
10240
61097
61096
64943
64944
64945
64946
64947
64948
64949
64950
64951
64952
64953
64954
64955
61095
61097
9352
64956
64957
64958
64959
64960
64961
64962
64963
64964
64965
64966
64967
61096
61094
64968
26029
33324
26029
33325
33324
35327
61097
35327
26029
61096
61097
11082
11083
11084
11085
15322
15323
15324
15325
11082
11083
11084
11085
11178
11179
11180
11181
11082
24983
61096
11626
12058
12059
12494
12585
13434
64969
64970
64971
64972
64973
64974
64975
64976
64977
64978
64979
64980
64981
61095
61097
27518
64982
64983
64984
64985
64986
64987
64988
64989
64990
64991
64992
64993
61096
61094
50614
50615
50616
50617
50614
50615
50616
50617
10162
10163
36721
36722
61097
10162
10163
61096
36721
36722
4498
10239
15336
15337
15336
15337
4498
10239
61097
61096
64994
64995
64996
64997
64998
64999
65000
65001
65002
65003
65004
65005
65006
61097
61095
12058
26070
64598
65007
65008
65009
65010
65011
65012
65013
65014
65015
65016
65017
65018
61096
61094
13434
12059
12585
65019
65020
65021
65022
65023
65024
65025
65026
65027
65028
65029
65030
65031
61097
61095
26070
13492
13493
35699
35700
61096
13492
13493
35699
35700
50929
50930
40227
40228
40227
40228
50929
50930
61097
10240
5524
18140
18141
5524
10240
61096
18140
18141
61097
65032
65033
65034
65035
65036
65037
65038
65039
65040
65041
65042
65043
65044
61096
61094
65045
61097
27518
12058
26029
61096
33324
26029
33325
33324
35327
61097
35327
61096
26029
61097
11082
11083
11084
11085
11082
11083
11084
11085
15322
15323
15324
15325
11178
11179
11180
11181
11082
65046
65047
65048
65049
65050
65051
65052
65053
65054
65055
65056
65057
65058
61095
61096
21673
10259
12585
10380
11626
12059
12494
13434
9339
57159
1799
65059
65060
65061
65062
65063
65064
65065
65066
65067
65068
65069
65070
61097
61094
27518
26070
50614
50615
50616
50617
50614
50615
50616
50617
10162
10163
36721
36722
65071
61096
10162
10163
65072
65073
65074
65075
65076
65077
65078
65079
65080
65081
65082
65083
36721
36722
61097
65084
61095
4498
10239
15336
15337
61096
4498
10239
15336
15337
61097
61096
20414
26070
24943
24944
2171
12058
12059
12585
65085
65086
65087
65088
65089
65090
65091
65092
65093
65094
65095
65096
61097
61094
13434
65097
65098
65099
65100
65101
65102
65103
65104
65105
65106
65107
65108
65109
61096
61095
56261
35699